5000 5000
0 4
1 3
1 5
2 3
2 5
3 4
7 2
7 3
8 2
8 3
42 45
42 49
42 50
42 52
42 53
42 57
43 44
43 45
43 50
43 52
43 57
43 58
44 43
44 44
44 45
44 49
44 50
44 52
44 53
44 57
44 58
44 59
45 44
45 45
45 57
45 58
48 36
48 37
48 50
48 52
48 65
48 66
49 36
49 39
49 47
49 48
49 50
49 52
49 54
49 55
49 63
49 66
50 37
50 39
50 40
50 41
50 47
50 48
50 50
50 52
50 54
50 55
50 61
50 62
50 63
50 65
51 41
51 47
51 48
51 49
51 53
51 54
51 55
51 61
52 46
52 48
52 54
52 56
53 45
53 57
54 34
54 35
54 46
54 47
54 55
54 56
54 67
54 68
55 34
55 36
55 37
55 65
55 66
55 68
56 35
56 38
56 64
56 67
57 35
57 67
58 36
58 37
58 38
58 64
58 65
58 66
61 44
61 45
61 51
61 57
61 58
62 44
62 45
62 51
62 57
62 58
63 51
242 45
242 49
242 50
242 52
242 53
242 57
242 245
242 249
242 250
242 252
242 253
242 257
243 44
243 45
243 50
243 52
243 57
243 58
243 244
243 245
243 250
243 252
243 257
243 258
244 43
244 44
244 45
244 49
244 50
244 52
244 53
244 57
244 58
244 59
244 243
244 244
244 245
244 249
244 250
244 252
244 253
244 257
244 258
244 259
245 44
245 45
245 57
245 58
245 244
245 245
245 257
245 258
248 36
248 37
248 50
248 52
248 65
248 66
248 236
248 237
248 250
248 252
248 265
248 266
249 36
249 39
249 47
249 48
249 50
249 52
249 54
249 55
249 63
249 66
249 236
249 239
249 247
249 248
249 250
249 252
249 254
249 255
249 263
249 266
250 37
250 39
250 40
250 41
250 47
250 48
250 50
250 52
250 54
250 55
250 61
250 62
250 63
250 65
250 237
250 239
250 240
250 241
250 247
250 248
250 250
250 252
250 254
250 255
250 261
250 262
250 263
250 265
251 41
251 47
251 48
251 49
251 53
251 54
251 55
251 61
251 241
251 247
251 248
251 249
251 253
251 254
251 255
251 261
252 46
252 48
252 54
252 56
252 246
252 248
252 254
252 256
253 45
253 57
253 245
253 257
254 34
254 35
254 46
254 47
254 55
254 56
254 67
254 68
254 234
254 235
254 246
254 247
254 255
254 256
254 267
254 268
255 34
255 36
255 37
255 65
255 66
255 68
255 234
255 236
255 237
255 265
255 266
255 268
256 35
256 38
256 64
256 67
256 235
256 238
256 264
256 267
257 35
257 67
257 235
257 267
258 36
258 37
258 38
258 64
258 65
258 66
258 236
258 237
258 238
258 264
258 265
258 266
261 44
261 45
261 51
261 57
261 58
261 244
261 245
261 251
261 257
261 258
262 44
262 45
262 51
262 57
262 58
262 244
262 245
262 251
262 257
262 258
263 51
263 251
642 645
642 649
642 650
642 652
642 653
642 657
643 644
643 645
643 650
643 652
643 657
643 658
644 643
644 644
644 645
644 649
644 650
644 652
644 653
644 657
644 658
644 659
645 644
645 645
645 657
645 658
648 636
648 637
648 650
648 652
648 665
648 666
649 636
649 639
649 647
649 648
649 650
649 652
649 654
649 655
649 663
649 666
650 637
650 639
650 640
650 641
650 647
650 648
650 650
650 652
650 654
650 655
650 661
650 662
650 663
650 665
651 641
651 647
651 648
651 649
651 653
651 654
651 655
651 661
652 646
652 648
652 654
652 656
653 645
653 657
654 634
654 635
654 646
654 647
654 655
654 656
654 667
654 668
655 634
655 636
655 637
655 665
655 666
655 668
656 635
656 638
656 664
656 667
657 635
657 667
658 636
658 637
658 638
658 664
658 665
658 666
661 644
661 645
661 651
661 657
661 658
662 644
662 645
662 651
662 657
662 658
663 651
